%YAML:1.0
---
CameraExtrinsicMat: !!opencv-matrix
   rows: 4
   cols: 4
   dt: d
   data: [ -7.1907391850483116e-03, 1.0494953004635377e-02,
       9.9991907134097757e-01, 1.0984281510814174e-01,
       -9.9997142335005851e-01, 2.2580773589691017e-03,
       -7.2148159989590677e-03, -1.8261670813403203e-02,
       -2.3336137706425064e-03, -9.9994237686382270e-01,
       1.0478415848689249e-02, 1.7323651488230618e-01, 0., 0., 0., 1. ]
CameraMat: !!opencv-matrix
   rows: 3
   cols: 3
   dt: d
   data: [ 1.3859739625395162e+03, 0., 9.3622464596653492e+02, 0.,
       1.3815353250336800e+03, 4.9459467170828475e+02, 0., 0., 1. ]
distortion_coefficients: !!opencv-matrix
   rows: 1
   cols: 5
   dt: d
   data: [ 7.0444095385902794e-02, -1.8010798300183417e-01,
       -7.7001990711544465e-03, -2.2524968464184810e-03,
       1.4838608095798808e-01 ]
image_width: 1280
image_height: 1024
